87	26.25549	23.98141	28.73653	
88	24.56775	21.93873	27.12722	
89	20.34822	18.13674	22.33056	
90	19.62911	17.42084	21.44126	
91	13.6088	11.72709	15.23945	
92	12.28984	10.45476	13.64705	
93	10.93533	9.17132	12.19861	
94	10.19303	8.58581	11.53602	
95	7.537449	6.36379	8.7051	
96	6.410674	5.22347	7.4555	
97	5.230775	4.15695	6.14454	
98	8.184004	6.44691	9.76171	
99	10.47698	8.87151	11.82701	
100	8.16157	6.45821	9.75757	
101	11.89511	10.1456	13.2565	
102	10.51543	8.99749	11.8325	
103	8.169512	6.65318	9.31968	
104	6.765426	5.43343	7.86876	
105	2.055979	1.57575	2.53911	
106	0.8475448	0.54494	1.12282	
107	8.502836	6.92629	9.64702	
108	6.029304	4.83321	7.16534	
109	2.04532	1.47579	2.71153	
110	9.530538	7.68059	10.92552	
111	8.528854	6.72675	9.95212	
112	12.66344	10.8129	14.05549	
113	12.44493	10.47443	13.67502	
114	12.06263	10.30817	13.36115	
115	10.97398	9.47185	12.24607	
116	10.27558	8.88797	11.45888	
117	8.862983	7.61259	10.02902	
118	8.122554	6.95875	9.20306	
119	5.15454	4.12295	6.17545	
120	8.04229	6.89107	9.22525	
121	8.592374	7.26318	9.7074	
122	5.763923	4.81082	6.73692	
123	4.891371	3.89963	5.761	
124	4.106047	3.29184	5.08155	
125	3.923658	3.14571	4.96382	
126	10.12023	8.589	11.14629	
127	8.570074	7.27631	9.5885	
128	7.373296	6.12581	8.40879	
129	6.174547	4.97015	7.21173	
130	8.191361	6.95597	9.25861	
131	6.924339	5.76884	8.10291	
132	6.072979	5.00207	7.16849	
133	9.02901	7.46428	10.20653	
134	7.621292	6.43305	9.01279	
135	5.829526	4.65662	7.13741	
136	2.261735	1.79441	2.7774	
137	1.404817	1.03301	1.81991	
138	11.06725	9.291	12.47374	
139	7.378862	6.05639	8.68525	
140	4.631687	3.59803	5.70847	
141	9.20319	7.34724	10.77447	
142	17.45063	15.17736	19.16076	
143	16.78089	14.75068	18.65918	
144	13.99352	12.11095	15.53141	
145	10.23615	8.84287	11.55836	
146	7.389001	6.16334	8.46862	
147	2.635597	1.89623	3.30761	
148	12.478	10.33671	14.51168	
149	10.57695	8.29154	12.88574	
150	16.26321	14.27528	18.1285	
151	14.27996	11.91022	16.25889	
152	10.87948	9.08945	12.6744	
153	15.9995	14.07523	17.81331	
154	15.13547	13.25878	16.87129	
155	14.64304	12.9358	16.33172	
156	13.93943	12.36079	15.56027	
157	10.62986	9.0239	12.34952	
158	4.777312	4.49285	5.07337	
159	1.5676	1.22847	1.94176	
160	11.11869	9.82793	12.69884	
161	6.912843	5.66017	8.06198	
162	14.88189	13.08587	16.74117	
163	12.21089	10.33489	13.87957	
164	9.131376	7.83887	10.44665	
165	8.545434	7.26619	9.78967	
166	7.10293	5.87416	8.27705	
167	4.761232	3.59654	5.75502	
168	7.271979	5.48352	8.99864	
169	14.71611	12.50061	17.13353	
170	14.09476	11.71763	16.44149	
171	8.340491	6.53962	10.29482	
